AsteroidExtra1 50.0 -50.0 -50.0 55.0 0.0 0.0 1.0 0.0 0.0 0.01 1
Asteroid2Extra2 102.0 0.0 -50.0 -5.0 0.0 0.0 1.0 0.0 0.0 0.02 0

AsteroidExtra3 -50.0 50.0 50.0 -45.0 0.0 0.0 1.0 0.0 0.0 0.03 1
AsteroidExtra4 102.0 -40.0 150.0 5.0 0.0 0.0 1.0 0.0 0.0 0.04 0

AsteroidExtra3 50.0 -50.0 50.0 145.0 0.0 0.0 1.0 0.0 0.0 0.01 1
Asteroid2Extra2 -102.0 10.0 150.0 -45.0 0.0 0.0 1.0 0.0 0.0 0.03 0

AsteroidExtra5 50.0 50.0 -50.0 45.0 0.0 0.0 1.0 0.0 0.0 0.01 1
AsteroidExtra6 102.0 0.0 250.0 45.0 0.0 0.0 1.0 0.0 0.0 0.02 0



BirdsOfPrey 2.0 -50.0 140.0 -50.0 0.0 0.0 1.0 0.0 0.0 0.15 0 
MotherShip -30.0 120.0 -200.0 -50.0 0.0 0.0 1.0 0.0 0.0 0.005 0
Shipyard 2.0 10.0 0.0 0.0 0.0 0.0 0.0 1.0 0.0 0.15 1
modCommand 250.0 -50.0 -100.0 50.0 0.0 0.0 0.0 1.0 1.0 0.15 1



Bunny 502.0 10.0 -70.0 60.0 0.0 50.0 0.0 1.0 1.0 100.15 1
Bed 50.0 -10.0 -40.0 60.0 0.0 50.0 0.0 1.0 1.0 1.15 1
Cabinet 50.0 -20.0 -70.0 60.0 0.0 50.0 0.0 1.0 1.0 1.15 1
Desk 50.0 30.0 -90.0 60.0 0.0 50.0 0.0 1.0 1.0 1.15 1